357788
357789
357799
357889
357899
358899
366677
366688
366699
366777
366778
366779
366788
366789
366799
366888
366889
366899
366999
367788
367789
367799
367889
367899
368899
377788
377799
377888
377889
377899
377999
378899
388899
388999
444455
444466
444477
444488
444499
444556
444557
444558
444559
444566
444577
444588
444599
444667
444668
444669
444677
444688
444699
444778
444779
444788
444799
444889
444899
445555
445556
445557
445558
445559
445566
445567
445568
445569
445577
445578
445579
445588
445589
445599
445666
445667
445668
445669
445677
445678
445679
445688
445689
445699
445777
445778
445779
445788
445789
445799
445888
445889
445899
445999
446666
446667
446668
446669
446677
446678
446679
446688
446689
446699
446777
446778
446779
446788
446789
446799
446888
446889
446899
446999
447777
447778
447779
447788
447789
447799
447888
447889
447899
447999
448888
448889
448899
448999
449999
455566
455577
455588
455599
455666
455667
455668
455669
455677
455678
455679
455688
455689
455699
455777
455778
455779
455788
455789
455799
455888
455889
455899
455999
456677
456678
456679
456688
456689
456699
456778
456779
456788
456799
456889
456899
457788
457789
457799
457889
457899
458899
466677
466688
466699
466777
466778
466779
466788
466789
466799
466888
466889
466899
466999
467788
467789
467799
467889
467899
468899
477788
477799
477888
477889
477899
477999
478899
488899
488999
555566
555577
555588
555599
555667
555668
555669
555677
555688
555699
555778
555779
555788
555799
555889
555899
556666
556667
556668
556669
556677
556678
556679
556688
556689
556699
556777
556778
556779
556788
556789
556799
556888
556889
556899
556999
557777
557778
557779
557788
557789
557799
557888
557889
557899
557999
558888
558889
558899
558999
559999
566677
566688
566699
566777
566778
566779
566788
566789
566799
566888
566889
566899
566999
567788
567789
567799
567889
567899
568899
577788
577799
577888
577889
577899
577999
578899
588899
588999
666677
666688
666699
666778
666779
666788
666799
666889
666899
667777
667778
667779
667788
667789
667799
667888
667889
667899
667999
668888
668889
668899
668999
669999
677788
677799
677888
677889
677899
677999
678899
688899
688999
777788
777799
777889
777899
778888
778889
778899
778999
779999
788899
788999
888899
889999
